0 10.6335 0 0 0
1 21.2415 0 0 0.015873
2 31.875 0 0 0.031746
3 42.5085 0 0 0.047619
4 53.1165 0 0 0.0634921
5 63.75 0 0 0.0793651
6 74.3835 0 0 0.0952381
7 84.9915 0 0 0.111111
8 95.625 0 0 0.126984
9 106.258 0 0 0.142857
10 116.867 0 0 0.15873
11 127.5 0 0 0.174603
12 138.133 0 0 0.190476
13 148.742 0 0 0.206349
14 159.375 0 0 0.222222
15 170.008 0 0 0.238095
16 180.617 0 0 0.253968
17 191.25 0 0 0.269841
18 201.883 0 0 0.285714
19 212.492 0 0 0.301587
20 223.125 0 0 0.31746
21 233.758 0 0 0.333333
22 244.367 0 0 0.349206
23 255 0 0 0.365079
24 255 10.6335 0 0.380952
25 255 21.2415 0 0.396825
26 255 31.875 0 0.412698
27 255 42.5085 0 0.428571
28 255 53.1165 0 0.444444
29 255 63.75 0 0.460317
30 255 74.3835 0 0.47619
31 255 84.9915 0 0.492063
32 255 95.625 0 0.507937
33 255 106.258 0 0.52381
34 255 116.867 0 0.539683
35 255 127.5 0 0.555556
36 255 138.133 0 0.571429
37 255 148.742 0 0.587302
38 255 159.375 0 0.603175
39 255 170.008 0 0.619048
40 255 180.617 0 0.634921
41 255 191.25 0 0.650794
42 255 201.883 0 0.666667
43 255 212.492 0 0.68254
44 255 223.125 0 0.698413
45 255 233.758 0 0.714286
46 255 244.367 0 0.730159
47 255 255 0 0.746032
48 255 255 15.9375 0.761905
49 255 255 31.875 0.777778
50 255 255 47.8125 0.793651
51 255 255 63.75 0.809524
52 255 255 79.6875 0.825397
53 255 255 95.625 0.84127
54 255 255 111.562 0.857143
55 255 255 127.5 0.873016
56 255 255 143.438 0.888889
57 255 255 159.375 0.904762
58 255 255 175.312 0.920635
59 255 255 191.25 0.936508
60 255 255 207.188 0.952381
61 255 255 223.125 0.968254
62 255 255 239.062 0.984127
63 255 255 255 1
