################################################
# ITK-SnAP Label Description File
# File format: 
# IDX   -R-  -G-  -B-  -A--  VIS MSH  LABEL
# Fields: 
#    IDX:   Zero-based index 
#    -R-:   Red color component (0..255)
#    -G-:   Green color component (0..255)
#    -B-:   Blue color component (0..255)
#    -A-:   Label transparency (0.00 .. 1.00)
#    VIS:   Label visibility (0 or 1)
#    IDX:   Label mesh visibility (0 or 1)
#  LABEL:   Label description 
################################################
    0     0    0    0        0  0  0    "Clear Label"
    1   255    0    0        1  1  1    "CoarseSeg (m)"
    2     0  255    0        1  1  1    "CoarseSeg (l)"
    3     0    0  255        1  1  1    "Missing Label"
    4   255  255    0        1  1  1    "Label 4"
    5     0  255  255        1  1  1    "Label 5"
    6   255    0  255        1  1  1    "35"
    7   255  239  213        1  1  1    "35d"
    8     0    0  205        1  1  1    "35o"
    9   205  133   63        1  1  1    "35v"
   10   210  180  140        1  1  1    "35va"
   11   102  205  170        1  1  1    "36"
   12     0    0  128        1  1  1    "36c"
   13     0  139  139        1  1  1    "36cl"
   14    46  139   87        1  1  1    "36cm"
   15   255  228  225        1  1  1    "36pl"
   16   106   90  205        1  1  1    "36pm"
   17   221  160  221        1  1  1    "36r"
   18   233  150  122        1  1  1    "36rl"
   19   165   42   42        1  1  1    "36rm"
   20   255  250  250        1  1  1    "AHA"
   21   147  112  219        1  1  1    "CA1"
   22   218  112  214        1  1  1    "CA2"
   23    75    0  130        1  1  1    "CA3"
   24   255  182  193        1  1  1    "CAS"
   25    60  179  113        1  1  1    "CS"
   26   255  235  205        1  1  1    "DG"
   27   255  228  196        1  1  1    "EC"
   28   218  165   32        1  1  1    "ECL"
   29     0  128  128        1  1  1    "ECo"
   30   188  143  143        1  1  1    "EI"
   31   255  105  180        1  1  1    "ELc"
   32   255  218  185        1  1  1    "ELC"
   33   222  184  135        1  1  1    "ELr"
   34   127  255    0        1  1  1    "EMI"
   35   139   69   19        1  1  1    "Eo"
   36   124  252    0        1  1  1    "Er"
   37   255  255  224        1  1  1    "HATA"
   38    70  130  180        1  1  1    "ITG"
   39     0  100    0        1  1  1    "LI"
   40   238  130  238        1  1  1    "PAC"
   41   238  232  170        1  1  1    "ParaS"
   42   240  255  240        1  1  1    "PaS"
   43   245  222  179        1  1  1    "PIR"
   44   184  134   11        1  1  1    "PrS"
   45    32  178  170        1  1  1    "RSC"
   46   255   20  147        1  1  1    "S"
   47    25   25  112        1  1  1    "ssa"
   48   112  128  144        1  1  1    "STG"
   49    34  139   34        1  1  1    "Sub"
   50   248  248  255        1  1  1    "TA"
   51   245  255  250        1  1  1    "TE"
   52   255  160  122        1  1  1    "TEO"
   53   144  238  144        1  1  1    "TF"
   54   173  255   47        1  1  1    "TFcl"
   55    65  105  225        1  1  1    "TFcm"
   56   255   99   71        1  1  1    "TFl"
   57   250  240  230        1  1  1    "TFm"
   58   128    0    0        1  1  1    "TFrm"
   59    50  205   50        1  1  1    "TH"
   60   244  164   96        1  1  1    "Tm"
   61   255  255  240        1  1  1    "TPC"
   62   123  104  238        1  1  1    "TPCl"
   63   255  165    0        1  1  1    "TPCm"
   64   173  216  230        1  1  1    "V1"
   65   255  192  203        1  1  1    "Vc"
